Verse: בשלשים ושתים נתיבות פליאות חכמה חקק יה יהוה צבאות את עולמו בשלשה ספרים בספר ספר וספור
Gematria:[2, 300, 30, 300, 10, 6, 300, 400, 10, 50, 400, 10, 2, 6, 400, 80, 30, 10, 1, 6, 400, 8, 20, 40, 5, 8, 100, 100, 10, 5, 10, 5, 6, 5, 90, 2, 1, 6, 400, 1, 400, 70, 6, 30, 40, 6, 2, 300, 30, 300, 5, 60, 80, 200, 10, 2, 60, 80, 200, 60, 80, 200, 6, 60, 80, 6, 200]
Sum: 6148
Product: 3.5614587547119074e+94
Inverse of Sum: 0.00016265452179570593
Inverse of Product: 2.8078382170703864e-95

Verse: עשר ספירות בלי מה במספר עשר אצבעות חמש כנגד חמש וברית יחוד מכוונת באמצע במלת לשון ובמלת המעור
Gematria:[70, 300, 200, 60, 80, 10, 200, 6, 400, 2, 30, 10, 40, 5, 2, 40, 60, 80, 200, 70, 300, 200, 1, 90, 2, 70, 6, 400, 8, 40, 300, 20, 50, 3, 4, 8, 40, 300, 6, 2, 200, 10, 400, 10, 8, 6, 4, 40, 20, 6, 6, 50, 400, 2, 1, 40, 90, 70, 2, 40, 30, 400, 30, 300, 6, 6, 2, 40, 30, 400, 5, 40, 70, 6, 200]
Sum: 6685
Product: 3.362414580228407e+107
Inverse of Sum: 0.00014958863126402394
Inverse of Product: 2.9740532469736985e-108

Verse: עשר ספירות בלימה עשר ולא תשע עשר ולא אחת עשר, הבן בחכמה וחכם בבינה, בחון בהם וחקור מהם והעמד דבר על בורייו והשב יוצר על מכונו.
Gematria:[70, 300, 200, 60, 80, 10, 200, 6, 400, 2, 30, 10, 40, 5, 70, 300, 200, 6, 30, 1, 400, 300, 70, 70, 300, 200, 6, 30, 1, 1, 8, 400, 70, 300, 200, 5, 2, 2, 8, 20, 40, 5, 6, 8, 20, 2, 2, 10, 50, 5, 2, 8, 6, 2, 5, 6, 8, 100, 6, 200, 40, 5, 6, 5, 70, 40, 4, 4, 2, 200, 70, 30, 2, 6, 200, 10, 10, 6, 6, 5, 300, 2, 10, 6, 90, 200, 70, 30, 40, 20, 6, 50, 6]
Sum: 6455
Product: 4.865518973046138e+119
Inverse of Sum: 0.00015491866769945777
Inverse of Product: 2.055279211816399e-120

Verse: עשר ספירות בלימה מדתן עשר שאין להם סוף, עומק ראשית ועומק אחרית, עומק טוב ועומק רע, עומק רום ועומק תחת, עומק מזרח ועומק מערב, עומק צפון ועומק דרום. ואדון יחיד אל מלך נאמן מושל בכולן, ממעון קדשו ועד עדי עד
Gematria:[70, 300, 200, 60, 80, 10, 200, 6, 400, 2, 30, 10, 40, 5, 40, 4, 400, 70, 300, 200, 300, 1, 10, 30, 5, 60, 6, 70, 6, 40, 100, 200, 1, 300, 10, 400, 6, 70, 6, 40, 100, 1, 8, 200, 10, 400, 70, 6, 40, 100, 9, 6, 2, 6, 70, 6, 40, 100, 200, 70, 70, 6, 40, 100, 200, 6, 6, 70, 6, 40, 100, 400, 8, 400, 70, 6, 40, 100, 40, 7, 200, 8, 6, 70, 6, 40, 100, 40, 70, 200, 2, 70, 6, 40, 100, 90, 80, 6, 6, 70, 6, 40, 100, 4, 200, 6, 6, 1, 4, 6, 10, 8, 10, 4, 1, 30, 40, 30, 50, 1, 40, 40, 6, 300, 30, 2, 20, 6, 30, 40, 40, 70, 6, 100, 4, 300, 6, 6, 70, 4, 70, 4, 10, 70, 4]
Sum: 10292
Product: 8.594486446463625e+202
Inverse of Sum: 9.71628449280995e-05
Inverse of Product: 1.1635366536780917e-203

Verse: עשר ספירות בלימה צפייתן כמראה הבזק ותכליתן אין להם סוף, ודברו בהן ברצוא ושוב, ולמאמרו בסופה ירדופו ולפני כסאו הם משתחוים
Gematria:[70, 300, 200, 60, 80, 10, 200, 6, 400, 2, 30, 10, 40, 5, 90, 80, 10, 10, 400, 20, 40, 200, 1, 5, 5, 2, 7, 100, 6, 400, 20, 30, 10, 400, 1, 10, 30, 5, 60, 6, 6, 4, 2, 200, 6, 2, 5, 2, 200, 90, 6, 1, 6, 300, 6, 2, 6, 30, 40, 1, 40, 200, 6, 2, 60, 6, 80, 5, 10, 200, 4, 6, 80, 6, 6, 30, 80, 50, 10, 20, 60, 1, 6, 5, 40, 300, 400, 8, 6, 10]
Sum: 6013
Product: 2.1439069058191057e+113
Inverse of Sum: 0.00016630633627141194
Inverse of Product: 4.6643816356286135e-114

Verse: עשר ספירות בלימה מדתן עשר שאין להם סוף, נעוץ סופן בתחילתן ותחילתן בסופן כשלהבת קשורה בגחלת. שאדון יחיד הוא ואין שני לו. ולפני אחד מה אתה סופר
Gematria:[70, 300, 200, 60, 80, 10, 200, 6, 400, 2, 30, 10, 40, 5, 40, 4, 400, 70, 300, 200, 300, 1, 10, 30, 5, 60, 6, 50, 70, 6, 60, 6, 80, 2, 400, 8, 10, 30, 400, 6, 400, 8, 10, 30, 400, 2, 60, 6, 80, 20, 300, 30, 5, 2, 400, 100, 300, 6, 200, 5, 2, 3, 8, 30, 400, 300, 1, 4, 6, 10, 8, 10, 4, 5, 6, 1, 6, 1, 10, 300, 50, 10, 30, 6, 6, 30, 80, 50, 10, 1, 8, 4, 40, 5, 1, 400, 5, 60, 6, 80, 200]
Sum: 8528
Product: 1.3830772230820206e+135
Inverse of Sum: 0.00011726078799249531
Inverse of Product: 7.230254271497731e-136

Verse: עשר ספירות בלימה, בלום פיך מלדבר ולבך מלהרהר, ואם רץ פיך לדבר ולבך להרהר שוב למקום, שלכך נאמר רצוא ושוב. ועל דבר זה נכרת ברית
Gematria:[70, 300, 200, 60, 80, 10, 200, 6, 400, 2, 30, 10, 40, 5, 2, 30, 6, 80, 10, 40, 30, 4, 2, 200, 6, 30, 2, 40, 30, 5, 200, 5, 200, 6, 1, 200, 80, 10, 30, 4, 2, 200, 6, 30, 2, 30, 5, 200, 5, 200, 300, 6, 2, 30, 40, 100, 6, 300, 30, 20, 50, 1, 40, 200, 200, 90, 6, 1, 6, 300, 6, 2, 6, 70, 30, 4, 2, 200, 7, 5, 50, 20, 200, 400, 2, 200, 10, 400]
Sum: 6688
Product: 5.428005042221404e+118
Inverse of Sum: 0.00014952153110047846
Inverse of Product: 1.8422974780265703e-119

Verse: עשר ספירות בלימה, אחת רוח אלהים חיים חי עולמים נכון כסאו מאז, ברוך ומבורך שמו תמיד לעולם ועד. קול רוח ודבור זו רוח הקדש, לראשיתו אין חקר לתכליתו אין קצבה
Gematria:[70, 300, 200, 60, 80, 10, 200, 6, 400, 2, 30, 10, 40, 5, 1, 8, 400, 200, 6, 8, 1, 30, 5, 10, 8, 10, 10, 8, 10, 70, 6, 30, 40, 10, 50, 20, 6, 20, 60, 1, 6, 40, 1, 7, 2, 200, 6, 6, 40, 2, 6, 200, 300, 40, 6, 400, 40, 10, 4, 30, 70, 6, 30, 6, 70, 4, 100, 6, 30, 200, 6, 8, 6, 4, 2, 6, 200, 7, 6, 200, 6, 8, 5, 100, 4, 300, 30, 200, 1, 300, 10, 400, 6, 1, 10, 8, 100, 200, 30, 400, 20, 30, 10, 400, 6, 1, 10, 100, 90, 2, 5]
Sum: 7547
Product: 2.1860144064789514e+141
Inverse of Sum: 0.00013250298131707962
Inverse of Product: 4.574535268551666e-142

Verse: שתים רוח מרוח, חקק וחצב בה עשרים ושתים אותיות יסוד שלש אמות ושבע כפולות ושתים עשרה פשוטות, וחקק וחצב בהן ארבע רוחות מזרח ומערב צפון ודרום, ורוח בכל אחת מהן
Gematria:[300, 400, 10, 200, 6, 8, 40, 200, 6, 8, 8, 100, 100, 6, 8, 90, 2, 2, 5, 70, 300, 200, 10, 6, 300, 400, 10, 1, 6, 400, 10, 6, 400, 10, 60, 6, 4, 300, 30, 300, 1, 40, 6, 400, 6, 300, 2, 70, 20, 80, 6, 30, 6, 400, 6, 300, 400, 10, 70, 300, 200, 5, 80, 300, 6, 9, 6, 400, 6, 8, 100, 100, 6, 8, 90, 2, 2, 5, 1, 200, 2, 70, 200, 6, 8, 6, 400, 40, 7, 200, 8, 6, 40, 70, 200, 2, 90, 80, 6, 6, 4, 200, 6, 6, 200, 6, 8, 2, 20, 30, 1, 8, 400, 40, 5]
Sum: 10698
Product: 7.218786677592976e+158
Inverse of Sum: 9.347541596560104e-05
Inverse of Product: 1.3852743468704894e-159

Verse: שלש מים מרוח חקק וחצב בהן תהו ובהו רפש וטיט, חקקן כמין ערוגה, הציבן כמין חומה, סבבן כמין מעזיבה ויצק מים עליהן ונעשו עפר
Gematria:[300, 30, 300, 40, 10, 40, 200, 6, 8, 8, 100, 100, 6, 8, 90, 2, 2, 5, 400, 5, 6, 6, 2, 5, 6, 200, 80, 300, 6, 9, 10, 9, 8, 100, 100, 20, 40, 10, 70, 200, 6, 3, 5, 5, 90, 10, 2, 20, 40, 10, 8, 6, 40, 5, 60, 2, 2, 20, 40, 10, 40, 70, 7, 10, 2, 5, 6, 10, 90, 100, 40, 10, 70, 30, 10, 5, 6, 50, 70, 300, 6, 70, 80, 200]
Sum: 4518
Product: 5.818142904631065e+107
Inverse of Sum: 0.0002213368747233289
Inverse of Product: 1.7187614955349936e-108

Verse: חמש חתם רום בסוד, נא - בירר שלש אמות מן התפשטות וקבען בשמו הגדול יהו וחתם בהן שש קצוות
Gematria:[8, 40, 300, 8, 400, 200, 6, 2, 60, 6, 4, 50, 1, 2, 10, 200, 200, 300, 30, 300, 1, 40, 6, 400, 40, 5, 400, 80, 300, 9, 6, 400, 6, 100, 2, 70, 2, 300, 40, 6, 5, 3, 4, 6, 30, 10, 5, 6, 6, 8, 400, 2, 5, 300, 300, 100, 90, 6, 6, 400]
Sum: 6032
Product: 4.006641099050897e+82
Inverse of Sum: 0.00016578249336870026
Inverse of Product: 2.4958561929514537e-83

Verse: פנה למעלה וחתמו ביהו, שש חתם תחת פנה למטה וחתם ביוה, שבע פנה לפניו וחתם מזרח בהיו, שמנה פנה לאחוריו וחתם מערב בהוי, תשע פנה לימינו וחתם דרום בויה, עשר פנה לשמאל וחתם צפון בוהי
Gematria:[80, 50, 5, 30, 40, 70, 30, 5, 6, 8, 400, 40, 6, 2, 10, 5, 6, 300, 300, 8, 400, 400, 8, 400, 80, 50, 5, 30, 40, 9, 5, 6, 8, 400, 2, 10, 6, 5, 300, 2, 70, 80, 50, 5, 30, 80, 50, 10, 6, 6, 8, 400, 40, 7, 200, 8, 2, 5, 10, 6, 300, 40, 50, 5, 80, 50, 5, 30, 1, 8, 6, 200, 10, 6, 6, 8, 400, 40, 70, 200, 2, 2, 5, 6, 10, 400, 300, 70, 80, 50, 5, 30, 10, 40, 10, 50, 6, 6, 8, 400, 4, 200, 6, 2, 6, 10, 5, 70, 300, 200, 80, 50, 5, 30, 300, 40, 1, 30, 6, 8, 400, 90, 80, 6, 2, 6, 5, 10]
Sum: 9597
Product: 2.0146308770109993e+170
Inverse of Sum: 0.00010419922892570594
Inverse of Product: 4.96368844243888e-171

Verse: עשרים ושתים אותיות יסוד, שלש אמות ושבע כפולות ויב פשוטות
Gematria:[70, 300, 200, 10, 6, 300, 400, 10, 1, 6, 400, 10, 6, 400, 10, 60, 6, 4, 300, 30, 300, 1, 40, 6, 400, 6, 300, 2, 70, 20, 80, 6, 30, 6, 400, 6, 10, 2, 80, 300, 6, 9, 6, 400]
Sum: 5015
Product: 4.226720391673341e+63
Inverse of Sum: 0.00019940179461615153
Inverse of Product: 2.365900526493318e-64

Verse: שלש אמות אמש, תולדות השמים אש, תולדות הארץ מים, תולדות אויר רוח. אש למעלה ומים למטה ורוח חק מכריע בנתיים
Gematria:[300, 30, 300, 1, 40, 6, 400, 1, 40, 300, 400, 6, 30, 4, 6, 400, 5, 300, 40, 10, 1, 300, 400, 6, 30, 4, 6, 400, 5, 1, 200, 40, 10, 400, 6, 30, 4, 6, 400, 1, 6, 10, 200, 200, 6, 8, 1, 300, 30, 40, 70, 30, 5, 6, 40, 10, 30, 40, 9, 5, 6, 200, 6, 8, 8, 100, 40, 20, 200, 10, 70, 2, 50, 400, 10, 10]
Sum: 7055
Product: 8.61588101939905e+103
Inverse of Sum: 0.00014174344436569808
Inverse of Product: 1.1606474111567397e-104

Verse: שלש אמות אמש, מ' דוממת, ש' שורקת, א' חק מכריע בנתיים
Gematria:[300, 30, 300, 1, 40, 6, 400, 1, 40, 300, 40, 4, 6, 40, 40, 400, 300, 300, 6, 200, 100, 400, 1, 8, 100, 40, 20, 200, 10, 70, 2, 50, 400, 10, 10]
Sum: 4175
Product: 2.9588244450508806e+54
Inverse of Sum: 0.00023952095808383233
Inverse of Product: 3.379720624089963e-55

Verse: שלש אמות אמש, יסודן כף זכות וכף חובה ולשון חק מכריע בנתיים
Gematria:[300, 30, 300, 1, 40, 6, 400, 1, 40, 300, 10, 60, 6, 4, 20, 7, 20, 6, 400, 6, 20, 8, 6, 2, 5, 6, 30, 300, 6, 8, 100, 40, 20, 200, 10, 70, 2, 50, 400, 10, 10]
Sum: 3260
Product: 2.013184152412619e+54
Inverse of Sum: 0.00030674846625766873
Inverse of Product: 4.9672554733832495e-55

Verse: כב אותיות יסוד, חקקן חצבן שקלן צרפן והמירן וצר בהן נפש כל היציר וכל העתיד לצור
Gematria:[20, 2, 1, 6, 400, 10, 6, 400, 10, 60, 6, 4, 8, 100, 100, 8, 90, 2, 300, 100, 30, 90, 200, 80, 6, 5, 40, 10, 200, 6, 90, 200, 2, 5, 50, 80, 300, 20, 30, 5, 10, 90, 10, 200, 6, 20, 30, 5, 70, 400, 10, 4, 30, 90, 6, 200]
Sum: 4263
Product: 5.434354789294297e+78
Inverse of Sum: 0.0002345765892563922
Inverse of Product: 1.8401448539392467e-79

Verse: כב אותיות יסוד, חקוקות בקול, חצובות ברוח, קבועות בפה בחמש מקומות, אחהע בומף דטלנת זסשרץ גיכק
Gematria:[20, 2, 1, 6, 400, 10, 6, 400, 10, 60, 6, 4, 8, 100, 6, 100, 6, 400, 2, 100, 6, 30, 8, 90, 6, 2, 6, 400, 2, 200, 6, 8, 100, 2, 6, 70, 6, 400, 2, 80, 5, 2, 8, 40, 300, 40, 100, 6, 40, 6, 400, 1, 8, 5, 70, 2, 6, 40, 4, 9, 30, 50, 400, 7, 60, 300, 200, 3, 10, 20, 100]
Sum: 5349
Product: 1.7155176429736782e+90
Inverse of Sum: 0.0001869508319312021
Inverse of Product: 5.829144364068445e-91

Verse: כב אותיות יסוד קבועות בגלגל ברלא שערים, חזר גלגל פנים ואחור, סימן לדבר אין בטובה למעלה מענג ואין ברעה למטה מנגע
Gematria:[20, 2, 1, 6, 400, 10, 6, 400, 10, 60, 6, 4, 100, 2, 6, 70, 6, 400, 2, 3, 30, 3, 30, 2, 200, 30, 1, 300, 70, 200, 10, 8, 7, 200, 3, 30, 3, 30, 80, 50, 10, 6, 1, 8, 6, 200, 60, 10, 40, 30, 4, 2, 200, 1, 10, 2, 9, 6, 2, 5, 30, 40, 70, 30, 5, 40, 70, 50, 3, 6, 1, 10, 2, 200, 70, 5, 30, 40, 9, 5, 40, 50, 3, 70]
Sum: 4292
Product: 1.431808605436552e+98
Inverse of Sum: 0.00023299161230195712
Inverse of Product: 6.984173696142191e-99

Verse: כיצד שקלן והמירן א' עם כולן וכולן עם א', ב' עם כולן וכולן עם ב', חוזרות חלילה, נמצאו יוצאות ברלא שערים, ונמצא כל הדבור וכל היצור יוצא מהם, ונמצא כל היצור יוצא בשם אחד
Gematria:[20, 10, 90, 4, 300, 100, 30, 6, 5, 40, 10, 200, 1, 70, 20, 6, 30, 6, 20, 6, 30, 70, 1, 2, 70, 20, 6, 30, 6, 20, 6, 30, 70, 2, 8, 6, 7, 200, 6, 400, 8, 30, 10, 30, 5, 50, 40, 90, 1, 6, 10, 6, 90, 1, 6, 400, 2, 200, 30, 1, 300, 70, 200, 10, 6, 50, 40, 90, 1, 20, 30, 5, 4, 2, 6, 200, 6, 20, 30, 5, 10, 90, 6, 200, 10, 6, 90, 1, 40, 5, 6, 50, 40, 90, 1, 20, 30, 5, 10, 90, 6, 200, 10, 6, 90, 1, 2, 300, 1, 8, 4]
Sum: 5503
Product: 8.763815486587577e+132
Inverse of Sum: 0.00018171906232963838
Inverse of Product: 1.1410555157515946e-133

Verse: יצר ממש מתהו, ועשה את שאינו ישנו. וחצב עמודים גדולים מאויר שאינו נתפס
Gematria:[10, 90, 200, 40, 40, 300, 40, 400, 5, 6, 6, 70, 300, 5, 1, 400, 300, 1, 10, 50, 6, 10, 300, 50, 6, 6, 8, 90, 2, 70, 40, 6, 4, 10, 3, 4, 6, 30, 10, 40, 1, 6, 10, 200, 300, 1, 10, 50, 6, 50, 400, 80, 60]
Sum: 4149
Product: 4.402833741326398e+70
Inverse of Sum: 0.00024102193299590263
Inverse of Product: 2.2712645054335847e-71

Verse: קודם שנעתיק ענין האלפא ביתות וקודם שנכנס בביאורם, צריך שנבאר טעם לענין האלפא ביתות ותמורתם. ולזה נאמר כי מדת האותיות כמדת הספירות כל אחת כלולה מכולם, כן האותיות כל אחת כלולה מכולם, א' כלולה מכב וב' כלולה מכב וג' כלולה מכב. וכמו שאל הספירות זה טעם קשרם וייחודם כדפרישית בספר כי תתייחד גבורה בגדולה מצד גדולה שבה, ועם התת מצד התת שבה, וכן התת עם החסד מצד החסד שבו, וחסד עם גבורה מצד גבורה שבחסד, ועל דרך זה לכל הספירות. וכן ענין האותיות שכל אחת תתייחד ותתקשר עם כל הכב מצד חלק אות ואות שבה, וזה טעם אל רלא שערים שהוא א' עם כולן וכולן עם א', ב' עם כולן וכולן עם ב' כדפרישית. ומטעם שקשר זה כפול לשנים א' עם ב' מצד חלק ב' שבאלף, וב' עם אלף מצד חלק א' שבבית, לזה כפל המשנה ואמר אלף עם כולן - מצד חלק כולן שבאלף, וכולן עם אלף - מצד חלק א' שבכולן. וכן ענין זה אל הספירות
Gematria:[100, 6, 4, 300, 50, 70, 400, 10, 100, 70, 50, 10, 5, 1, 30, 80, 1, 2, 10, 400, 6, 400, 6, 100, 6, 4, 300, 50, 20, 50, 60, 2, 2, 10, 1, 6, 200, 90, 200, 10, 300, 50, 2, 1, 200, 9, 70, 30, 70, 50, 10, 5, 1, 30, 80, 1, 2, 10, 400, 6, 400, 6, 400, 40, 6, 200, 400, 6, 30, 7, 5, 50, 1, 40, 200, 20, 10, 40, 4, 400, 5, 1, 6, 400, 10, 6, 400, 20, 40, 4, 400, 5, 60, 80, 10, 200, 6, 400, 20, 30, 1, 8, 400, 20, 30, 6, 30, 5, 40, 20, 6, 30, 20, 5, 1, 6, 400, 10, 6, 400, 20, 30, 1, 8, 400, 20, 30, 6, 30, 5, 40, 20, 6, 30, 1, 20, 30, 6, 30, 5, 40, 20, 2, 6, 2, 20, 30, 6, 30, 5, 40, 20, 2, 6, 3, 20, 30, 6, 30, 5, 40, 20, 2, 6, 20, 40, 6, 300, 1, 30, 5, 60, 80, 10, 200, 6, 400, 7, 5, 9, 70, 100, 300, 200, 6, 10, 10, 8, 6, 4, 20, 4, 80, 200, 10, 300, 10, 400, 2, 60, 80, 200, 20, 10, 400, 400, 10, 10, 8, 4, 3, 2, 6, 200, 5, 2, 3, 4, 6, 30, 5, 40, 90, 4, 3, 4, 6, 30, 5, 300, 2, 5, 6, 70, 5, 400, 400, 40, 90, 4, 5, 400, 400, 300, 2, 5, 6, 20, 5, 400, 400, 70, 5, 8, 60, 4, 40, 90, 4, 5, 8, 60, 4, 300, 2, 6, 6, 8, 60, 4, 70, 3, 2, 6, 200, 5, 40, 90, 4, 3, 2, 6, 200, 5, 300, 2, 8, 60, 4, 6, 70, 30, 4, 200, 7, 5, 30, 20, 30, 5, 60, 80, 10, 200, 6, 400, 6, 20, 70, 50, 10, 5, 1, 6, 400, 10, 6, 400, 300, 20, 30, 1, 8, 400, 400, 400, 10, 10, 8, 4, 6, 400, 400, 100, 300, 200, 70, 20, 30, 5, 20, 2, 40, 90, 4, 8, 30, 100, 1, 6, 400, 6, 1, 6, 400, 300, 2, 5, 6, 7, 5, 9, 70, 1, 30, 200, 30, 1, 300, 70, 200, 10, 300, 5, 6, 1, 1, 70, 20, 6, 30, 6, 20, 6, 30, 70, 1, 2, 70, 20, 6, 30, 6, 20, 6, 30, 70, 2, 20, 4, 80, 200, 10, 300, 10, 400, 6, 40, 9, 70, 300, 100, 300, 200, 7, 5, 20, 80, 6, 30, 30, 300, 50, 10, 1, 70, 2, 40, 90, 4, 8, 30, 100, 2, 300, 2, 1, 30, 6, 2, 70, 1, 30, 40, 90, 4, 8, 30, 100, 1, 300, 2, 2, 10, 400, 30, 7, 5, 20, 80, 30, 5, 40, 300, 50, 5, 6, 1, 40, 200, 1, 30, 70, 20, 6, 30, 40, 90, 4, 8, 30, 100, 20, 6, 30, 300, 2, 1, 30, 6, 20, 6, 30, 70, 1, 30, 40, 90, 4, 8, 30, 100, 1, 300, 2, 20, 6, 30, 6, 20, 70, 50, 10, 7, 5, 1, 30, 5, 60, 80, 10, 200, 6, 400]
Sum: 37295
Product: inf
Inverse of Sum: 2.681324574339724e-05
Inverse of Product: 0.0

Verse: אל בת גש דר הק וצ זפ חע טס ינ כמ אב גת דש הר וק זצ חפ טע יס כנ למ אג דת הש ור זק חצ טפ יע כס לנ במ אד בג הת וש זר חק טצ יפ כע לס מנ אה בד ות זש חר טק יצ כפ לע מס גנ או בה גד זת חש טר יק כצ לפ מע נס אז בו גה חת טש יר כק לצ מפ נע דס אח בז גו דה טת יש כר לק מצ נפ סע אט בח גז דו ית כש לר מק נצ ספ הע אי בט גח דז הו כת לש מר נק סצ עפ אכ בי גט דח הז לת מש נר סק עצ ופ אל בכ גי דט הח וז מת נש סר עק פצ אמ בל גכ די הט וח נת סש ער פק זצ אנ במ גל דכ הי וט זח סת עש פר צק אס בנ גמ דל הכ וי זט עת פש צר חק אע בס גנ דמ הל וכ זי חט פת צש קר אפ בע גס דנ המ ול זכ חי צת קש טר אצ בפ גע דס הנ ומ זל חכ טי קת רש אק בצ גפ דע הס ונ זמ חל טכ רת יש אר בק גצ דפ הע וס זנ חמ טל יכ שת אש בר גק דצ הפ וע זס חנ טמ יל כת את בש גר דק הצ ופ זע חס טנ ימ כל
Gematria:[1, 30, 2, 400, 3, 300, 4, 200, 5, 100, 6, 90, 7, 80, 8, 70, 9, 60, 10, 50, 20, 40, 1, 2, 3, 400, 4, 300, 5, 200, 6, 100, 7, 90, 8, 80, 9, 70, 10, 60, 20, 50, 30, 40, 1, 3, 4, 400, 5, 300, 6, 200, 7, 100, 8, 90, 9, 80, 10, 70, 20, 60, 30, 50, 2, 40, 1, 4, 2, 3, 5, 400, 6, 300, 7, 200, 8, 100, 9, 90, 10, 80, 20, 70, 30, 60, 40, 50, 1, 5, 2, 4, 6, 400, 7, 300, 8, 200, 9, 100, 10, 90, 20, 80, 30, 70, 40, 60, 3, 50, 1, 6, 2, 5, 3, 4, 7, 400, 8, 300, 9, 200, 10, 100, 20, 90, 30, 80, 40, 70, 50, 60, 1, 7, 2, 6, 3, 5, 8, 400, 9, 300, 10, 200, 20, 100, 30, 90, 40, 80, 50, 70, 4, 60, 1, 8, 2, 7, 3, 6, 4, 5, 9, 400, 10, 300, 20, 200, 30, 100, 40, 90, 50, 80, 60, 70, 1, 9, 2, 8, 3, 7, 4, 6, 10, 400, 20, 300, 30, 200, 40, 100, 50, 90, 60, 80, 5, 70, 1, 10, 2, 9, 3, 8, 4, 7, 5, 6, 20, 400, 30, 300, 40, 200, 50, 100, 60, 90, 70, 80, 1, 20, 2, 10, 3, 9, 4, 8, 5, 7, 30, 400, 40, 300, 50, 200, 60, 100, 70, 90, 6, 80, 1, 30, 2, 20, 3, 10, 4, 9, 5, 8, 6, 7, 40, 400, 50, 300, 60, 200, 70, 100, 80, 90, 1, 40, 2, 30, 3, 20, 4, 10, 5, 9, 6, 8, 50, 400, 60, 300, 70, 200, 80, 100, 7, 90, 1, 50, 2, 40, 3, 30, 4, 20, 5, 10, 6, 9, 7, 8, 60, 400, 70, 300, 80, 200, 90, 100, 1, 60, 2, 50, 3, 40, 4, 30, 5, 20, 6, 10, 7, 9, 70, 400, 80, 300, 90, 200, 8, 100, 1, 70, 2, 60, 3, 50, 4, 40, 5, 30, 6, 20, 7, 10, 8, 9, 80, 400, 90, 300, 100, 200, 1, 80, 2, 70, 3, 60, 4, 50, 5, 40, 6, 30, 7, 20, 8, 10, 90, 400, 100, 300, 9, 200, 1, 90, 2, 80, 3, 70, 4, 60, 5, 50, 6, 40, 7, 30, 8, 20, 9, 10, 100, 400, 200, 300, 1, 100, 2, 90, 3, 80, 4, 70, 5, 60, 6, 50, 7, 40, 8, 30, 9, 20, 200, 400, 10, 300, 1, 200, 2, 100, 3, 90, 4, 80, 5, 70, 6, 60, 7, 50, 8, 40, 9, 30, 10, 20, 300, 400, 1, 300, 2, 200, 3, 100, 4, 90, 5, 80, 6, 70, 7, 60, 8, 50, 9, 40, 10, 30, 20, 400, 1, 400, 2, 300, 3, 200, 4, 100, 5, 90, 6, 80, 7, 70, 8, 60, 9, 50, 10, 40, 20, 30]
Sum: 32890
Product: inf
Inverse of Sum: 3.0404378230465186e-05
Inverse of Product: 0.0

Verse: אל בת גש דר הק וצ זפ חע טס ינ כמ
Gematria:[1, 30, 2, 400, 3, 300, 4, 200, 5, 100, 6, 90, 7, 80, 8, 70, 9, 60, 10, 50, 20, 40]
Sum: 1495
Product: 3.1603654656000003e+29
Inverse of Sum: 0.0006688963210702341
Inverse of Product: 3.164191011719426e-30

Verse: אב גת דש הר וק זצ חפ טע יס כנ למ
Gematria:[1, 2, 3, 400, 4, 300, 5, 200, 6, 100, 7, 90, 8, 80, 9, 70, 10, 60, 20, 50, 30, 40]
Sum: 1495
Product: 3.1603654655999996e+29
Inverse of Sum: 0.0006688963210702341
Inverse of Product: 3.164191011719427e-30

Verse: אג דת הש ור זק חץ טפ יע כס לנ במ
Gematria:[1, 3, 4, 400, 5, 300, 6, 200, 7, 100, 8, 9, 80, 10, 70, 20, 60, 30, 50, 2, 40]
Sum: 1405
Product: 3.5115171839999997e+27
Inverse of Sum: 0.0007117437722419929
Inverse of Product: 2.847771910547484e-28

Verse: צופה וממר ועושה את כל היצור ואת כל הדבור שם אחד, וסימן לדבר כב חפצים וגוף אחד.
Gematria:[90, 6, 80, 5, 6, 40, 40, 200, 6, 70, 6, 300, 5, 1, 400, 20, 30, 5, 10, 90, 6, 200, 6, 1, 400, 20, 30, 5, 4, 2, 6, 200, 300, 1, 8, 4, 6, 60, 10, 40, 30, 4, 2, 200, 20, 2, 8, 80, 90, 10, 6, 3, 6, 1, 8, 4]
Sum: 3193
Product: 7.4197057389831475e+65
Inverse of Sum: 0.00031318509238960227
Inverse of Product: 1.347762344193784e-66

Verse: שלש אמות אמש סוד גדול מופלא ומכוסה וחתום בשש טבעות, ומהם יוצא אש ומים ורוח ומתחלקין זכר ונקבה
Gematria:[300, 30, 300, 1, 40, 6, 400, 1, 40, 300, 60, 6, 4, 3, 4, 6, 30, 40, 6, 80, 30, 1, 6, 40, 20, 6, 60, 5, 6, 8, 400, 6, 2, 300, 300, 9, 2, 70, 6, 400, 6, 40, 5, 10, 6, 90, 1, 1, 300, 6, 40, 10, 6, 200, 6, 8, 6, 40, 400, 8, 30, 100, 10, 7, 20, 200, 6, 50, 100, 2, 5]
Sum: 5053
Product: 1.5702443157854772e+89
Inverse of Sum: 0.00019790223629527012
Inverse of Product: 6.3684357265116025e-90

Verse: ושלש אמות אמש בעולם, רוח ומים ואש, ומהם נולדו אבות שמהם נברא הכל
Gematria:[6, 300, 30, 300, 1, 40, 6, 400, 1, 40, 300, 2, 70, 6, 30, 200, 6, 8, 6, 40, 10, 6, 1, 300, 6, 40, 5, 50, 6, 30, 4, 6, 1, 2, 6, 400, 300, 40, 5, 50, 2, 200, 1, 5, 20, 30]
Sum: 3318
Product: 8.735781232790473e+55
Inverse of Sum: 0.0003013863773357444
Inverse of Product: 1.1447173107385265e-56

Verse: שלש אמות אמש בעולם, רוח ומים ואש, שמים נבראו תחלה מאש, ארץ נבראת ממים, אויר נברא מרוח מכריע בנתיים
Gematria:[300, 30, 300, 1, 40, 6, 400, 1, 40, 300, 2, 70, 6, 30, 200, 6, 8, 6, 40, 10, 6, 1, 300, 300, 40, 10, 50, 2, 200, 1, 6, 400, 8, 30, 5, 40, 1, 300, 1, 200, 50, 2, 200, 1, 400, 40, 40, 10, 1, 6, 10, 200, 50, 2, 200, 1, 40, 200, 6, 8, 40, 20, 200, 10, 70, 2, 50, 400, 10, 10]
Sum: 5976
Product: 2.8498183908302905e+92
Inverse of Sum: 0.00016733601070950468
Inverse of Product: 3.508995531847387e-93

Verse: שלש אמות אמש בשנה, קור וחום ורויה. חום נברא מאש, קור ממים, רויה מרוח מכריע בנתיים
Gematria:[300, 30, 300, 1, 40, 6, 400, 1, 40, 300, 2, 300, 50, 5, 100, 6, 200, 6, 8, 6, 6, 200, 6, 10, 5, 8, 6, 50, 2, 200, 1, 40, 1, 300, 100, 6, 200, 40, 40, 10, 200, 6, 10, 5, 40, 200, 6, 8, 40, 20, 200, 10, 70, 2, 50, 400, 10, 10]
Sum: 4619
Product: 1.3252503677596212e+78
Inverse of Sum: 0.00021649707728945658
Inverse of Product: 7.545743991684624e-79

Verse: שלש אמות אמש בנפש, ראש בטן וגויה. ראש נברא מאש, בטן ממים, וגויה מרוח מכריע בנתיים
Gematria:[300, 30, 300, 1, 40, 6, 400, 1, 40, 300, 2, 50, 80, 300, 200, 1, 300, 2, 9, 6, 3, 6, 10, 5, 200, 1, 300, 50, 2, 200, 1, 40, 1, 300, 2, 9, 40, 40, 10, 6, 3, 6, 10, 5, 40, 200, 6, 8, 40, 20, 200, 10, 70, 2, 50, 400, 10, 10]
Sum: 4684
Product: 1.677269996695771e+74
Inverse of Sum: 0.0002134927412467976
Inverse of Product: 5.962069326763158e-75

Verse: שלש אמות אמש חקקן חצבן צרפן יצר בהן שלש אמות בשנה, ושלש בעולם, ושלש בנפש, זכר ונקבה
Gematria:[300, 30, 300, 1, 40, 6, 400, 1, 40, 300, 8, 100, 100, 8, 90, 2, 90, 200, 80, 10, 90, 200, 2, 5, 300, 30, 300, 1, 40, 6, 400, 2, 300, 50, 5, 6, 300, 30, 300, 2, 70, 6, 30, 6, 300, 30, 300, 2, 50, 80, 300, 7, 20, 200, 6, 50, 100, 2, 5]
Sum: 6039
Product: 4.814498696140416e+87
Inverse of Sum: 0.00016559032952475575
Inverse of Product: 2.0770594471271922e-88

Verse: המליך אלף ברוח וקשר לו כתר, וצרפן זה בזה וצר מהן אויר בעולם, רויה בשנה, גויה בנפש, זכר ונקבה, זכר באמש ונקבה באשמ
Gematria:[5, 40, 30, 10, 1, 30, 2, 200, 6, 8, 6, 100, 300, 200, 30, 6, 20, 400, 200, 6, 90, 200, 80, 7, 5, 2, 7, 5, 6, 90, 200, 40, 5, 1, 6, 10, 200, 2, 70, 6, 30, 200, 6, 10, 5, 2, 300, 50, 5, 3, 6, 10, 5, 2, 50, 80, 300, 7, 20, 200, 6, 50, 100, 2, 5, 7, 20, 200, 2, 1, 40, 300, 6, 50, 100, 2, 5, 2, 1, 300, 40]
Sum: 5162
Product: 3.9143657547286804e+100
Inverse of Sum: 0.00019372336303758234
Inverse of Product: 2.5546922864629288e-101

Verse: המליך אות מ' במים וקשר לו כתר, וצרפן זה בזה וצר בהן ארץ בעולם, קור בשנה, ובטן בנפש, זכר ונקבה, זכר במאש ונקבה במשא
Gematria:[5, 40, 30, 10, 1, 6, 400, 40, 2, 40, 10, 6, 100, 300, 200, 30, 6, 20, 400, 200, 6, 90, 200, 80, 7, 5, 2, 7, 5, 6, 90, 200, 2, 5, 1, 200, 2, 70, 6, 30, 100, 6, 200, 2, 300, 50, 5, 6, 2, 9, 2, 50, 80, 300, 7, 20, 200, 6, 50, 100, 2, 5, 7, 20, 200, 2, 40, 1, 300, 6, 50, 100, 2, 5, 2, 40, 300, 1]
Sum: 5438
Product: 1.0438308679276484e+99
Inverse of Sum: 0.00018389113644722325
Inverse of Product: 9.58009607423598e-100

Verse: המליך ש' באש וקשר לו כתר, וצרפן זה בזה וצר בהן שמים בעולם, חום בשנה, ראש בנפש זכר ונקבה, זכר בשמא נקבה בשאמ
Gematria:[5, 40, 30, 10, 300, 2, 1, 300, 6, 100, 300, 200, 30, 6, 20, 400, 200, 6, 90, 200, 80, 7, 5, 2, 7, 5, 6, 90, 200, 2, 5, 300, 40, 10, 2, 70, 6, 30, 8, 6, 2, 300, 50, 5, 200, 1, 300, 2, 50, 80, 300, 7, 20, 200, 6, 50, 100, 2, 5, 7, 20, 200, 2, 300, 40, 1, 50, 100, 2, 5, 2, 300, 1, 40]
Sum: 5877
Product: 5.4366191037898334e+97
Inverse of Sum: 0.00017015484090522376
Inverse of Product: 1.839378446253309e-98

Verse: שבע כפולות בגד כפרת מתנהגות בשתי לשונות, יסודן חיים שלום חכמה עושר חן זרע ממשלה
Gematria:[300, 2, 70, 20, 80, 6, 30, 6, 400, 2, 3, 4, 20, 80, 200, 400, 40, 400, 50, 5, 3, 6, 400, 2, 300, 400, 10, 30, 300, 6, 50, 6, 400, 10, 60, 6, 4, 8, 10, 10, 300, 30, 6, 8, 20, 40, 5, 70, 6, 300, 200, 8, 7, 200, 70, 40, 40, 300, 30, 5]
Sum: 5824
Product: 1.1310929193205417e+87
Inverse of Sum: 0.00017170329670329672
Inverse of Product: 8.84100663100879e-88

Verse: ומתנהגות בשתי לשונות בב גג דד ככ פפ רר תת, רך וקשה, גבור וחלש, כפולות שהן תמורות, תמורת חיים מות, תמורת שלום רע [, תמורת חכמה אולת, תמורת עושר עוני, תמורת חן כיעור, תמורת זרע שממה, תמורת ממשלה עבדות
Gematria:[6, 40, 400, 50, 5, 3, 6, 400, 2, 300, 400, 10, 30, 300, 6, 50, 6, 400, 2, 2, 3, 3, 4, 4, 20, 20, 80, 80, 200, 200, 400, 400, 200, 6, 100, 300, 5, 3, 2, 6, 200, 6, 8, 30, 300, 20, 80, 6, 30, 6, 400, 300, 5, 400, 40, 6, 200, 6, 400, 400, 40, 6, 200, 400, 8, 10, 10, 40, 6, 400, 400, 40, 6, 200, 400, 300, 30, 6, 200, 70, 400, 40, 6, 200, 400, 8, 20, 40, 5, 1, 6, 30, 400, 400, 40, 6, 200, 400, 70, 6, 300, 200, 70, 6, 50, 10, 400, 40, 6, 200, 400, 8, 20, 10, 70, 6, 200, 400, 40, 6, 200, 400, 7, 200, 70, 300, 40, 40, 5, 400, 40, 6, 200, 400, 40, 40, 300, 30, 5, 70, 2, 4, 6, 400]
Sum: 18394
Product: 2.3149991347139825e+228
Inverse of Sum: 5.436555398499511e-05
Inverse of Product: 4.319656042219427e-229

Verse: שבע כפולות בגד כפרת, שבע ולא שש, שבע ולא שמונה. שש צלעות לששה סדרים כנגד שבע קצוות, מהן שש קצוות מעלה ומטה מזרח מערב צפון ודרום, והיכל הקדש מכוון באמצע, והוא נושא את כולן. ברוך כבוד ה' ממקומו
Gematria:[300, 2, 70, 20, 80, 6, 30, 6, 400, 2, 3, 4, 20, 80, 200, 400, 300, 2, 70, 6, 30, 1, 300, 300, 300, 2, 70, 6, 30, 1, 300, 40, 6, 50, 5, 300, 300, 90, 30, 70, 6, 400, 30, 300, 300, 5, 60, 4, 200, 10, 20, 50, 3, 4, 300, 2, 70, 100, 90, 6, 6, 400, 40, 5, 300, 300, 100, 90, 6, 6, 400, 40, 70, 30, 5, 6, 40, 9, 5, 40, 7, 200, 8, 40, 70, 200, 2, 90, 80, 6, 6, 4, 200, 6, 6, 5, 10, 20, 30, 5, 100, 4, 300, 40, 20, 6, 6, 2, 1, 40, 90, 70, 6, 5, 6, 1, 50, 6, 300, 1, 1, 400, 20, 6, 30, 2, 200, 6, 20, 2, 6, 4, 5, 40, 40, 100, 6, 40, 6]
Sum: 11073
Product: 9.148312678952944e+187
Inverse of Sum: 9.030976248532467e-05
Inverse of Product: 1.0930977493813138e-188

Verse: שבע כפולות בגד כפרת, חקקן חצבן צרפן שקלן והמירן וצר בהן ככבים בעולם וימים בשנה ושערים בנפש, ומהן חקק שבעה רקיעים ושבע ארצות ושבע שבתות, ולפיכך חיבב השביעי תחת השמים
Gematria:[300, 2, 70, 20, 80, 6, 30, 6, 400, 2, 3, 4, 20, 80, 200, 400, 8, 100, 100, 8, 90, 2, 90, 200, 80, 300, 100, 30, 6, 5, 40, 10, 200, 6, 90, 200, 2, 5, 20, 20, 2, 10, 2, 70, 6, 30, 6, 10, 40, 10, 2, 300, 50, 5, 6, 300, 70, 200, 10, 2, 50, 80, 300, 6, 40, 5, 8, 100, 100, 300, 2, 70, 5, 200, 100, 10, 70, 10, 6, 300, 2, 70, 1, 200, 90, 6, 400, 6, 300, 2, 70, 300, 2, 400, 6, 400, 6, 30, 80, 10, 20, 8, 10, 2, 2, 5, 300, 2, 10, 70, 10, 400, 8, 400, 5, 300, 40, 10]
Sum: 10211
Product: 1.0042003679762666e+165
Inverse of Sum: 9.793360101850946e-05
Inverse of Product: 9.958172013173711e-166

Verse: המליך אות ב' וקשר לו כתר וצרפן זה עם זה, וצר בו שבתי בעולם, ושבת בשנה, ופה בנפש.
Gematria:[5, 40, 30, 10, 1, 6, 400, 2, 6, 100, 300, 200, 30, 6, 20, 400, 200, 6, 90, 200, 80, 7, 5, 70, 7, 5, 6, 90, 200, 2, 6, 300, 2, 400, 10, 2, 70, 6, 30, 6, 300, 2, 400, 2, 300, 50, 5, 6, 80, 5, 2, 50, 80, 300]
Sum: 4938
Product: 2.1573885332499346e+74
Inverse of Sum: 0.0002025111381125962
Inverse of Product: 4.635233684558336e-75

Verse: המליך אות ג' וקשר לו כתר וצרפן זה עם זה, וצר בו צדק בעולם, ואחד בשבת בשנה, ועין ימין בנפש
Gematria:[5, 40, 30, 10, 1, 6, 400, 3, 6, 100, 300, 200, 30, 6, 20, 400, 200, 6, 90, 200, 80, 7, 5, 70, 7, 5, 6, 90, 200, 2, 6, 90, 4, 100, 2, 70, 6, 30, 6, 1, 8, 4, 2, 300, 2, 400, 2, 300, 50, 5, 6, 70, 10, 10, 40, 10, 2, 50, 80, 300]
Sum: 4491
Product: 2.1746476415159336e+78
Inverse of Sum: 0.00022266755733689602
Inverse of Product: 4.598446115633272e-79

Verse: המליך אות ד' וכו'
Gematria:[5, 40, 30, 10, 1, 6, 400, 4, 6, 20, 6]
Sum: 528
Product: 414720000000.0
Inverse of Sum: 0.001893939393939394
Inverse of Product: 2.4112654320987653e-12

Verse: ב', המליך אות ב' וקשר לו כתר וצרפן זה עם זה, וצר בו שבתי בעולם, ושבת בשנה, ופה בנפש
Gematria:[2, 5, 40, 30, 10, 1, 6, 400, 2, 6, 100, 300, 200, 30, 6, 20, 400, 200, 6, 90, 200, 80, 7, 5, 70, 7, 5, 6, 90, 200, 2, 6, 300, 2, 400, 10, 2, 70, 6, 30, 6, 300, 2, 400, 2, 300, 50, 5, 6, 80, 5, 2, 50, 80, 300]
Sum: 4940
Product: 4.314777066499869e+74
Inverse of Sum: 0.00020242914979757084
Inverse of Product: 2.317616842279168e-75

Verse: ג', המליך אות ג' וקשר לו כתר וצרפן זה עם זה, וצר בו צדק בעולם, ואחד בשבת בשנה, ועין ימין בנפש
Gematria:[3, 5, 40, 30, 10, 1, 6, 400, 3, 6, 100, 300, 200, 30, 6, 20, 400, 200, 6, 90, 200, 80, 7, 5, 70, 7, 5, 6, 90, 200, 2, 6, 90, 4, 100, 2, 70, 6, 30, 6, 1, 8, 4, 2, 300, 2, 400, 2, 300, 50, 5, 6, 70, 10, 10, 40, 10, 2, 50, 80, 300]
Sum: 4494
Product: 6.523942924547802e+78
Inverse of Sum: 0.00022251891410769915
Inverse of Product: 1.532815371877757e-79

Verse: ד', המליך אות ד' וקשר לו כתר וצרפן זה עם זה, וצר בו מאדים בעולם, ושני בשבת בשנה, ועין שמאל בנפש
Gematria:[4, 5, 40, 30, 10, 1, 6, 400, 4, 6, 100, 300, 200, 30, 6, 20, 400, 200, 6, 90, 200, 80, 7, 5, 70, 7, 5, 6, 90, 200, 2, 6, 40, 1, 4, 10, 2, 70, 6, 30, 6, 300, 50, 10, 2, 300, 2, 400, 2, 300, 50, 5, 6, 70, 10, 300, 40, 1, 30, 2, 50, 80, 300]
Sum: 5015
Product: 2.1746476415159343e+83
Inverse of Sum: 0.00019940179461615153
Inverse of Product: 4.59844611563327e-84

Verse: כ', המליך אות כ' וקשר לו כתר וצרפן זה עם זה, וצר בו חמה בעולם, ושלישי בשבת בשנה, ואף ימין בנפש
Gematria:[20, 5, 40, 30, 10, 1, 6, 400, 20, 6, 100, 300, 200, 30, 6, 20, 400, 200, 6, 90, 200, 80, 7, 5, 70, 7, 5, 6, 90, 200, 2, 6, 8, 40, 5, 2, 70, 6, 30, 6, 300, 30, 10, 300, 10, 2, 300, 2, 400, 2, 300, 50, 5, 6, 1, 10, 40, 10, 2, 50, 80, 300]
Sum: 4945
Product: 1.5533197439399527e+83
Inverse of Sum: 0.00020222446916076846
Inverse of Product: 6.43782456188658e-84

Verse: פ', המליך אות פ' וקשר לו כתר וצרפן זה עם זה, וצר בו נוגה בעולם, ורביעי בשבת בשנה, ואף שמאל בנפש
Gematria:[80, 5, 40, 30, 10, 1, 6, 400, 80, 6, 100, 300, 200, 30, 6, 20, 400, 200, 6, 90, 200, 80, 7, 5, 70, 7, 5, 6, 90, 200, 2, 6, 50, 6, 3, 5, 2, 70, 6, 30, 6, 200, 2, 10, 70, 10, 2, 300, 2, 400, 2, 300, 50, 5, 6, 1, 300, 40, 1, 30, 2, 50, 80, 300]
Sum: 5029
Product: 6.523942924547803e+84
Inverse of Sum: 0.00019884668920262477
Inverse of Product: 1.5328153718777569e-85

Verse: ר', המליך אות ר' וקשר לו כתר וצרפן זה עם זה, וצר בו כוכב בעולם, וחמישי בשבת בשנה, ואזן ימין בנפש
Gematria:[200, 5, 40, 30, 10, 1, 6, 400, 200, 6, 100, 300, 200, 30, 6, 20, 400, 200, 6, 90, 200, 80, 7, 5, 70, 7, 5, 6, 90, 200, 2, 6, 20, 6, 20, 2, 2, 70, 6, 30, 6, 8, 40, 10, 300, 10, 2, 300, 2, 400, 2, 300, 50, 5, 6, 1, 7, 10, 40, 10, 2, 50, 80, 300]
Sum: 5025
Product: 1.159812075475165e+85
Inverse of Sum: 0.0001990049751243781
Inverse of Product: 8.622086466812382e-86

Verse: ת', המליך אות ת' וקשר לו כתר וצרפן זה עם זה, וצר בו לבנה בעולם, וששי בשבת בשנה, ואזן שמאל בנפש
Gematria:[400, 5, 40, 30, 10, 1, 6, 400, 400, 6, 100, 300, 200, 30, 6, 20, 400, 200, 6, 90, 200, 80, 7, 5, 70, 7, 5, 6, 90, 200, 2, 6, 30, 2, 50, 5, 2, 70, 6, 30, 6, 300, 300, 10, 2, 300, 2, 400, 2, 300, 50, 5, 6, 1, 7, 300, 40, 1, 30, 2, 50, 80, 300]
Sum: 6017
Product: 1.2232392983527132e+87
Inverse of Sum: 0.00016619577862722287
Inverse of Product: 8.175015316681368e-88

Verse: יב פשוטות באותיות ואלו הן, הוז חטי לנס עצק. יסודן ראיה שמיעה ריח שיח לעיטה תשמיש מעשה הילוך רוגז שחוק הרהור שינה
Gematria:[10, 2, 80, 300, 6, 9, 6, 400, 2, 1, 6, 400, 10, 6, 400, 6, 1, 30, 6, 5, 5, 6, 7, 8, 9, 10, 30, 50, 60, 70, 90, 100, 10, 60, 6, 4, 200, 1, 10, 5, 300, 40, 10, 70, 5, 200, 10, 8, 300, 10, 8, 30, 70, 10, 9, 5, 400, 300, 40, 10, 300, 40, 70, 300, 5, 5, 10, 30, 6, 200, 6, 3, 7, 300, 8, 6, 100, 5, 200, 5, 6, 200, 300, 10, 50, 5]
Sum: 6439
Product: 6.471902736627267e+112
Inverse of Sum: 0.00015530361857431278
Inverse of Product: 1.5451406498131873e-113

Verse: יב גבולי אלכסון מפוצלין לששה סדרים מפסיקין בין רוח לרוח, גבול מזרחית דרומית, גבול מזרחית רומית, גבול מזרחית תחתית. גבול מערבית צפונית, גבול מערבית רומית, גבול מערבית תחתית. גבול צפונית מזרחית, גבול צפונית רומית, גבול צפונית תחתית. גבול דרומית מערבית, גבול דרומית רומית, גבול דרומית תחתית
Gematria:[10, 2, 3, 2, 6, 30, 10, 1, 30, 20, 60, 6, 40, 80, 6, 90, 30, 10, 30, 300, 300, 5, 60, 4, 200, 10, 40, 80, 60, 10, 100, 10, 2, 10, 200, 6, 8, 30, 200, 6, 8, 3, 2, 6, 30, 40, 7, 200, 8, 10, 400, 4, 200, 6, 40, 10, 400, 3, 2, 6, 30, 40, 7, 200, 8, 10, 400, 200, 6, 40, 10, 400, 3, 2, 6, 30, 40, 7, 200, 8, 10, 400, 400, 8, 400, 10, 400, 3, 2, 6, 30, 40, 70, 200, 2, 10, 400, 90, 80, 6, 50, 10, 400, 3, 2, 6, 30, 40, 70, 200, 2, 10, 400, 200, 6, 40, 10, 400, 3, 2, 6, 30, 40, 70, 200, 2, 10, 400, 400, 8, 400, 10, 400, 3, 2, 6, 30, 90, 80, 6, 50, 10, 400, 40, 7, 200, 8, 10, 400, 3, 2, 6, 30, 90, 80, 6, 50, 10, 400, 200, 6, 40, 10, 400, 3, 2, 6, 30, 90, 80, 6, 50, 10, 400, 400, 8, 400, 10, 400, 3, 2, 6, 30, 4, 200, 6, 40, 10, 400, 40, 70, 200, 2, 10, 400, 3, 2, 6, 30, 4, 200, 6, 40, 10, 400, 200, 6, 40, 10, 400, 3, 2, 6, 30, 4, 200, 6, 40, 10, 400, 400, 8, 400, 10, 400]
Sum: 20835
Product: inf
Inverse of Sum: 4.7996160307175425e-05
Inverse of Product: 0.0

Verse: יב פשוטות, יב ולא יג, יב ולא יא. חקקן חצבן צרפן שקלן המירן, וצר בהן מזלות וחדשים ומנהיגים
Gematria:[10, 2, 80, 300, 6, 9, 6, 400, 10, 2, 6, 30, 1, 10, 3, 10, 2, 6, 30, 1, 10, 1, 8, 100, 100, 8, 90, 2, 90, 200, 80, 300, 100, 30, 5, 40, 10, 200, 6, 90, 200, 2, 5, 40, 7, 30, 6, 400, 6, 8, 4, 300, 10, 6, 40, 50, 5, 10, 3, 10]
Sum: 3536
Product: 3.260612873576577e+72
Inverse of Sum: 0.0002828054298642534
Inverse of Product: 3.0669080898987454e-73

Verse: שנים לועסים, שנים לועזים, שנים עליצים, שנים עליזים, שנים נועצים, שנים טורפים, שנים ציידים. עשאן כמין מריבה, עשאן כמין מלחמה, גם את זה לעומת זה
Gematria:[300, 50, 10, 30, 6, 70, 60, 10, 300, 50, 10, 30, 6, 70, 7, 10, 300, 50, 10, 70, 30, 10, 90, 10, 300, 50, 10, 70, 30, 10, 7, 10, 300, 50, 10, 50, 6, 70, 90, 10, 300, 50, 10, 9, 6, 200, 80, 10, 300, 50, 10, 90, 10, 10, 4, 10, 70, 300, 1, 20, 40, 10, 40, 200, 10, 2, 5, 70, 300, 1, 20, 40, 10, 40, 30, 8, 40, 5, 3, 1, 400, 7, 5, 30, 70, 6, 40, 400, 7, 5]
Sum: 6047
Product: 2.3905840746136623e+125
Inverse of Sum: 0.000165371258475277
Inverse of Product: 4.183078146547128e-126

Verse: יב אותיות פשוטות, חקקן חצבן צרפן וצר בהן יב מזלות ואלו הן, טלה שור תאומים סרטן אריה בתולה מאזנים עקרב קשת גדי דלי דגים. ואלו הם יב חדשים בשנה, ניסן אייר סיון תמוז אב אלול תשרי חשון כסלו טבת שבט אדר. ואלו הן שנים עשר מנהיגים בנפש, שתי ידים שתי רגלים שתי כליות כבד מרה המסס קיבה קרקבן וטחול
Gematria:[10, 2, 1, 6, 400, 10, 6, 400, 80, 300, 6, 9, 6, 400, 8, 100, 100, 8, 90, 2, 90, 200, 80, 6, 90, 200, 2, 5, 10, 2, 40, 7, 30, 6, 400, 6, 1, 30, 6, 5, 9, 30, 5, 300, 6, 200, 400, 1, 6, 40, 10, 60, 200, 9, 1, 200, 10, 5, 2, 400, 6, 30, 5, 40, 1, 7, 50, 10, 70, 100, 200, 2, 100, 300, 400, 3, 4, 10, 4, 30, 10, 4, 3, 10, 6, 1, 30, 6, 5, 10, 2, 8, 4, 300, 10, 2, 300, 50, 5, 50, 10, 60, 1, 10, 10, 200, 60, 10, 6, 400, 40, 6, 7, 1, 2, 1, 30, 6, 30, 400, 300, 200, 10, 8, 300, 6, 20, 60, 30, 6, 9, 2, 400, 300, 2, 9, 1, 4, 200, 6, 1, 30, 6, 5, 300, 50, 10, 70, 300, 200, 40, 50, 5, 10, 3, 10, 2, 50, 80, 300, 300, 400, 10, 10, 4, 10, 300, 400, 10, 200, 3, 30, 10, 300, 400, 10, 20, 30, 10, 6, 400, 20, 2, 4, 40, 200, 5, 5, 40, 60, 60, 100, 10, 2, 5, 100, 200, 100, 2, 6, 9, 8, 6, 30]
Sum: 15804
Product: 1.4675994462275095e+262
Inverse of Sum: 6.327512022272843e-05
Inverse of Product: 6.813848305615799e-263

Verse: שלש אמות שבע כפולות יב פשוטות, אלו כב אותיות שבהם יסד יה יהוה צבאות אלהים חיים אלהי ישראל אל שדי רם ונשא שוכן עד מרום וקדוש שמו
Gematria:[300, 30, 300, 1, 40, 6, 400, 300, 2, 70, 20, 80, 6, 30, 6, 400, 10, 2, 80, 300, 6, 9, 6, 400, 1, 30, 6, 20, 2, 1, 6, 400, 10, 6, 400, 300, 2, 5, 10, 60, 4, 10, 5, 10, 5, 6, 5, 90, 2, 1, 6, 400, 1, 30, 5, 10, 8, 10, 10, 1, 30, 5, 10, 10, 300, 200, 1, 30, 1, 30, 300, 4, 10, 200, 6, 50, 300, 1, 300, 6, 20, 70, 4, 40, 200, 6, 6, 100, 4, 6, 300, 300, 40, 6]
Sum: 7578
Product: 1.4308851327595158e+117
Inverse of Sum: 0.0001319609395618897
Inverse of Product: 6.988681181357041e-118

Verse: עדים נאמנים שלשה הם, וכל אחד ואחד לבדו עומד, ומעידין על האל כי הוא אחד ואין לו שני. ואלו הן, עולם שנה נפש
Gematria:[70, 4, 10, 50, 1, 40, 50, 10, 300, 30, 300, 5, 5, 6, 20, 30, 1, 8, 4, 6, 1, 8, 4, 30, 2, 4, 6, 70, 6, 40, 4, 6, 40, 70, 10, 4, 10, 70, 30, 5, 1, 30, 20, 10, 5, 6, 1, 1, 8, 4, 6, 1, 10, 30, 6, 300, 50, 10, 6, 1, 30, 6, 5, 70, 6, 30, 300, 50, 5, 50, 80, 300]
Sum: 2808
Product: 1.6309857311369505e+78
Inverse of Sum: 0.00035612535612535614
Inverse of Product: 6.131261487511028e-79

Verse: שלשה אבות ותולדותיהם, ושבעה כובשין וצבאותיהן, ויב גבולי אלכסונין. וראיה לדבר עדים נאמנים עולם שנה נפש
Gematria:[300, 30, 300, 5, 1, 2, 6, 400, 6, 400, 6, 30, 4, 6, 400, 10, 5, 6, 300, 2, 70, 5, 20, 6, 2, 300, 10, 6, 90, 2, 1, 6, 400, 10, 5, 6, 10, 2, 3, 2, 6, 30, 10, 1, 30, 20, 60, 6, 50, 10, 6, 200, 1, 10, 5, 30, 4, 2, 200, 70, 4, 10, 50, 1, 40, 50, 10, 70, 6, 30, 300, 50, 5, 50, 80, 300]
Sum: 4982
Product: 2.022089452378974e+90
Inverse of Sum: 0.0002007226013649137
Inverse of Product: 4.945379636017126e-91

Verse: חיצה את העדים, חק עשרה שלשה ושבעה ויב מזלות ופקידין בתלי גלגל ולב
Gematria:[8, 10, 90, 5, 1, 400, 5, 70, 4, 10, 8, 100, 70, 300, 200, 5, 300, 30, 300, 5, 6, 300, 2, 70, 5, 6, 10, 2, 40, 7, 30, 6, 400, 6, 80, 100, 10, 4, 10, 2, 400, 30, 10, 3, 30, 3, 30, 6, 30, 2]
Sum: 3561
Product: 1.8727331017794567e+63
Inverse of Sum: 0.0002808199943836001
Inverse of Product: 5.3397892046112054e-64

Verse: שלשה אש ומים ורוח, אש למעלה ומים למטה ורוח בנתיים, וסימן לדבר שהאש נושאה את המים
Gematria:[300, 30, 300, 5, 1, 300, 6, 40, 10, 6, 200, 6, 8, 1, 300, 30, 40, 70, 30, 5, 6, 40, 10, 30, 40, 9, 5, 6, 200, 6, 8, 2, 50, 400, 10, 10, 6, 60, 10, 40, 30, 4, 2, 200, 300, 5, 1, 300, 50, 6, 300, 1, 5, 1, 400, 5, 40, 10]
Sum: 4296
Product: 7.075982798560278e+73
Inverse of Sum: 0.00023277467411545624
Inverse of Product: 1.4132312478253424e-74

Verse: תלי בעולם כמלך על כסאו, גלגל בשנה כמלך במדינה, לב בנפש כמלך במלחמה.
Gematria:[400, 30, 10, 2, 70, 6, 30, 20, 40, 30, 70, 30, 20, 60, 1, 6, 3, 30, 3, 30, 2, 300, 50, 5, 20, 40, 30, 2, 40, 4, 10, 50, 5, 30, 2, 2, 50, 80, 300, 20, 40, 30, 2, 40, 30, 8, 40, 5]
Sum: 2128
Product: 3.3972482571962937e+59
Inverse of Sum: 0.00046992481203007516
Inverse of Product: 2.943558799041926e-60

Verse: גם כל חפץ זה לעומת זה ברא האלהים, טוב לעומת רע. טוב מטוב, רע מרע. טוב מבחין את הרע, ורע מבחין את הטוב. טוב גנוז לצדיקים ורע לרשעים
Gematria:[3, 20, 30, 8, 80, 7, 5, 30, 70, 6, 40, 400, 7, 5, 2, 200, 1, 5, 1, 30, 5, 10, 9, 6, 2, 30, 70, 6, 40, 400, 200, 70, 9, 6, 2, 40, 9, 6, 2, 200, 70, 40, 200, 70, 9, 6, 2, 40, 2, 8, 10, 1, 400, 5, 200, 70, 6, 200, 70, 40, 2, 8, 10, 1, 400, 5, 9, 6, 2, 9, 6, 2, 3, 50, 6, 7, 30, 90, 4, 10, 100, 10, 6, 200, 70, 30, 200, 300, 70, 10]
Sum: 5177
Product: 1.663331827846265e+109
Inverse of Sum: 0.00019316206297083252
Inverse of Product: 6.012029489598788e-110

Verse: שלשה אחד אחד לבדו עומד. שבעה חלוקים, שלש מול שלש ואחד מכריע ביניהם. יב עומדים במלחמה, שלשה אוהבים שלשה שונאים, שלשה מחיים שלשה ממתים, ואל מלך נאמן מושל בכולן ממעון קדשו
Gematria:[300, 30, 300, 5, 1, 8, 4, 1, 8, 4, 30, 2, 4, 6, 70, 6, 40, 4, 300, 2, 70, 5, 8, 30, 6, 100, 10, 300, 30, 300, 40, 6, 30, 300, 30, 300, 6, 1, 8, 4, 40, 20, 200, 10, 70, 2, 10, 50, 10, 5, 10, 2, 70, 6, 40, 4, 10, 2, 40, 30, 8, 40, 5, 300, 30, 300, 5, 1, 6, 5, 2, 10, 300, 30, 300, 5, 300, 6, 50, 1, 10, 300, 30, 300, 5, 40, 8, 10, 10, 300, 30, 300, 5, 40, 40, 400, 10, 6, 1, 30, 40, 30, 50, 1, 40, 40, 6, 300, 30, 2, 20, 6, 30, 40, 40, 70, 6, 100, 4, 300, 6]
Sum: 8080
Product: 1.4068817649642462e+154
Inverse of Sum: 0.00012376237623762376
Inverse of Product: 7.107917842871562e-155

Verse: אחד על גבי שלש, ושלש על גבי שבעה, ושבעה על גבי שנים עשר, וכולן אדוקים זה בזה
Gematria:[1, 8, 4, 70, 30, 3, 2, 10, 300, 30, 300, 6, 300, 30, 300, 70, 30, 3, 2, 10, 300, 2, 70, 5, 6, 300, 2, 70, 5, 70, 30, 3, 2, 10, 300, 50, 10, 70, 300, 200, 6, 20, 6, 30, 1, 4, 6, 100, 10, 7, 5, 2, 7, 5]
Sum: 3523
Product: 5.927913515090666e+65
Inverse of Sum: 0.0002838489923360772
Inverse of Product: 1.6869341927042356e-66

Verse: וכיון שצפה אברהם אבינו עה והביט וראה וחקר והבין וחקק וחצב וצרף ויצר ועלתה בידו, נגלה אליו אדון הכל הושיבו בחיקו ונשקו בראשו קראו אוהבו ושמו בשמו וכרת לו ברית לו ולזרעו עד עולם שנאמ' והאמין בה' ויחשבה לו צדקה. כרת לו ברית בין עשר אצבעות רגליו והוא ברית מילה, כרת לו ברית בין עשר אצבעות ידיו והוא ברית לשון. קשר עשרים ושתים אותיות בלשונו, והמקום גילה לו סודו. משכם במים דלקם באש רעשם ברוח בערם בשבעה נהגם ביב מזלות. אדג.
Gematria:[6, 20, 10, 6, 300, 90, 80, 5, 1, 2, 200, 5, 1, 2, 10, 50, 6, 70, 5, 6, 5, 2, 10, 9, 6, 200, 1, 5, 6, 8, 100, 200, 6, 5, 2, 10, 6, 8, 100, 100, 6, 8, 90, 2, 6, 90, 200, 6, 10, 90, 200, 6, 70, 30, 400, 5, 2, 10, 4, 6, 50, 3, 30, 5, 1, 30, 10, 6, 1, 4, 6, 5, 20, 30, 5, 6, 300, 10, 2, 6, 2, 8, 10, 100, 6, 6, 50, 300, 100, 6, 2, 200, 1, 300, 6, 100, 200, 1, 6, 1, 6, 5, 2, 6, 6, 300, 40, 6, 2, 300, 40, 6, 6, 20, 200, 400, 30, 6, 2, 200, 10, 400, 30, 6, 6, 30, 7, 200, 70, 6, 70, 4, 70, 6, 30, 300, 50, 1, 40, 6, 5, 1, 40, 10, 2, 5, 6, 10, 8, 300, 2, 5, 30, 6, 90, 4, 100, 5, 20, 200, 400, 30, 6, 2, 200, 10, 400, 2, 10, 70, 300, 200, 1, 90, 2, 70, 6, 400, 200, 3, 30, 10, 6, 6, 5, 6, 1, 2, 200, 10, 400, 40, 10, 30, 5, 20, 200, 400, 30, 6, 2, 200, 10, 400, 2, 10, 70, 300, 200, 1, 90, 2, 70, 6, 400, 10, 4, 10, 6, 6, 5, 6, 1, 2, 200, 10, 400, 30, 300, 6, 100, 300, 200, 70, 300, 200, 10, 6, 300, 400, 10, 1, 6, 400, 10, 6, 400, 2, 30, 300, 6, 50, 6, 6, 5, 40, 100, 6, 3, 10, 30, 5, 30, 6, 60, 6, 4, 6, 40, 300, 20, 2, 40, 10, 4, 30, 100, 2, 1, 300, 200, 70, 300, 2, 200, 6, 8, 2, 70, 200, 2, 300, 2, 70, 5, 50, 5, 3, 2, 10, 2, 40, 7, 30, 6, 400, 1, 4, 3]
Sum: 21471
Product: inf
Inverse of Sum: 4.657444925713753e-05
Inverse of Product: 0.0

